717
715
716
924
787
900
631
321
883
022
286
285
559
527
684
240
304
374
745
667
492
530
055
044
306
519
475
258
897
338
127
072
411
282
249
364
623
733
866
606
724
299
812
133
431
192
170
854
231
290
213
121
574
194
852
214
558
615
727
024
969
591
526
931
860
870
361
059
966
063
994
265
732
315
736
455
289
962
635
773
148
930
378
611
334
186
255
038
768
760
943
007
910
389
325
416
729
668
916
799
504
448
843
801
483
885
067
151
652
973
140
053
632
742
585
512
011
280
417
275
065
082
311
612
892
250
247
957
023
822
209
183
129
100
906
215
461
487
317
911
714
108
262
208
903
601
720
686
216
775
790
882
150
371
220
095
005
634
576
974
713
663
168
012
941
757
080
252
098
752
237
929
887
815
621
835
901
579
968
641
118
938
847
599
592
281
071
152
180
381
357
505
176
488
393
379
945
590
490
660
672
748
917
370
834
588
991
003
434
033
242
061
485
547
540
270
633
323
792
521
115
279
937
218
824
272
130
730
896
410
349
458
368
149
960
867
137
153
849
042
185
257
384
928
988
677
664
248
915
478
274
578
443
546
375
661
771
891
241
755
846
498
666
956
795
781
809
459
643
302
239
132
593
806
268
909
673
865
737
692
534
432
933
981
638
949
762
040
454
983
818
501
688
509
738
685
225
099
206
571
975
489
831
782
173
472
511
050
549
517
603
230
210
820
987
525
908
025
269
484
630
464
291
744
207
084
879
440
105
553
537
747
392
499
159
261
400
204
414
947
062
965
508
779
174
284
644
343
336
583
064
804
326
977
780
871
169
212
395
236
114
604
628
986
156
700
046
447
271
864
816
675
344
721
989
953
861
657
925
656
718
004
166
575
388
899
788
223
954
415
043
851
351
142
418
117
552
510
131
438
927
424
288
201
224
052
562
254
227
516
845
880
707
648
555
963
028
971
515
704
609
725
670
032
385
813
167
035
613
350
598
103
548
589
605
535
120
996
751
803
305
246
188
096
569
312
857
918
838
337
819
557
624
587
036
817
859
802
500
607
112
703
811
997
528
731
990
551
009
654
245
791
442
639
373
827
017
027
329
506
445
645
877
205
322
430
649
826
356
875
837
217
582
365
177
542
460
855
161
348